world: world
x: 886.3571812526005
y: 77.0
z: 2798.5204428893653
yaw: -90.094986
pitch: 69.29983
name: beachhouse
