world: world
x: -174.70726351018683
y: 71.0
z: 1369.197444991664
yaw: -22.343515
pitch: -5.8499594
name: clovertown
