world: flatmap
x: 136.62768713493003
y: 5.0
z: -66.4816400747694
yaw: 88.800026
pitch: 14.550014
name: flatcreative
