world: world
x: 1244.5
y: 69.0
z: 2836.5
yaw: -185.66069
pitch: 42.149994
name: galaxywarp
