world: flatmap
x: -714.3000000119209
y: 3.0625
z: 2258.495495940448
yaw: -269.37332
pitch: 20.250002
name: jail
