world: flatmap
x: 335.96802861557575
y: 4.0
z: -311.1028064670592
yaw: 185.09741
pitch: 24.899979
name: martymartadvert
