world: world
x: -197.49688277840232
y: 72.0
z: 1339.9154135322478
yaw: -96.29346
pitch: -5.9999585
name: martymart
