world: world
x: -327.64711962994784
y: 76.0
z: 1479.488966178149
yaw: 91.957016
pitch: 24.299978
name: momshouse
