world: world
x: -4893.570949737649
y: 70.5
z: -4624.800000011921
yaw: 21.467987
pitch: 11.099951
name: republic
