world: world
x: 3883.9083035240446
y: 69.0
z: 3370.9310398985813
yaw: 0.006763628
pitch: 5.2500157
name: revolutionwp
