world: world_the_end
x: -712.5306511670686
y: 65.0
z: -757.4033479155033
yaw: -182.3872
pitch: 13.350012
name: revolution
