world: flatmap
x: 144.43786321421638
y: 47.0
z: 458.2672660862994
yaw: 270.00137
pitch: -0.74985576
name: rosalina
