world: world
x: -9880.181226133429
y: 85.0
z: -9825.5856354617
yaw: -224.84332
pitch: 14.400031
name: royal
