world: void
x: 1.5675967417433645
y: 62.0
z: -8.497756914890488
yaw: -89.24996
pitch: -14.700003
name: spawn
