world: world
x: 74.36439662067122
y: 202.0
z: -973.5493533848459
yaw: -90.447266
pitch: 3.7501338
name: spawnbuilding
