world: flatmap
x: 155.51615025217566
y: 5.9375
z: -764.763866199557
yaw: 178.20018
pitch: -18.299927
name: templeoftime
