world: Timelapse_Map
x: 1275.5858968253376
y: 116.0
z: 3538.3676913040495
yaw: -342.33472
pitch: 29.250185
name: timelapse
