world: world
x: -4711.017894981109
y: 97.0
z: -5417.118215834966
yaw: -29.678223
pitch: 44.100002
name: treasuretown
