world: world
x: 357.3766594727062
y: 74.0
z: 292.95173895709837
yaw: -177.45122
pitch: 21.750006
name: village
