lastAccountName: Zany_Polar
timestamps:
  login: 1478565042204
  lastteleport: 1475094252401
  logout: 1478565350532
ipAddress: 159.118.121.84
lastlocation:
  world: flatmap
  x: 218.52378198118288
  y: 4.482499986886978
  z: -166.54761850113601
  yaw: 100.3496
  pitch: 90.0
logoutlocation:
  world: flatmap
  x: 45.589390708307825
  y: 39.308465352492604
  z: -15.302389502567484
  yaw: 271.6692
  pitch: -37.650024
