lastAccountName: DinoSorurus
timestamps:
  login: 1472165193809
  lastteleport: 1471557849831
  logout: 1472165218097
ipAddress: 73.146.26.252
lastlocation:
  world: void
  x: -161.47585010607025
  y: 121.0
  z: 9.009140570446455
  yaw: -183.60037
  pitch: 22.200012
logoutlocation:
  world: world
  x: -67.76349369605714
  y: 76.0
  z: 1366.0151033988257
  yaw: -355.64343
  pitch: 11.699977
