lastAccountName: GoldTheGlaceon
timestamps:
  login: 1474406659652
  logout: 1474406679586
ipAddress: 204.169.28.98
logoutlocation:
  world: void
  x: 23.30699735453503
  y: 63.0
  z: -1.2195362587121725
  yaw: -151.79999
  pitch: 16.350046
