lastAccountName: CobaltCab
timestamps:
  login: 1472613468033
  lastteleport: 1472252617604
  logout: 1472613583416
ipAddress: 76.233.192.26
lastlocation:
  world: world
  x: 906.5115315334172
  y: 76.0
  z: 2794.699999988079
  yaw: -92.85886
  pitch: 11.9756
logoutlocation:
  world: flatmap
  x: 436.87905531616286
  y: 12.347837963967706
  z: 511.3639231304244
  yaw: 274.8276
  pitch: 69.444374
