lastAccountName: PinkGirlDeer
timestamps:
  login: 1472765414920
  logout: 1472765471221
ipAddress: 98.114.35.114
lastlocation:
  world: void
  x: 33.15616477309534
  y: -267.1311661634553
  z: -14.46051506051501
  yaw: -195.00017
  pitch: 7.950031
logoutlocation:
  world: void
  x: 10.46374155105132
  y: 61.5
  z: -8.404980770939513
  yaw: -82.949905
  pitch: 0.60005784
