lastAccountName: Poowt_is_da_best
timestamps:
  login: 1471132055409
  lastteleport: 1471106239531
  logout: 1471132093536
ipAddress: 92.1.49.45
lastlocation:
  world: world
  x: -30.385891829623237
  y: 73.0
  z: 1326.8011237385117
  yaw: -27.951729
  pitch: 10.0061
logoutlocation:
  world: void
  x: -164.00629242741948
  y: 121.0
  z: 10.974178492312
  yaw: -277.16507
  pitch: 15.299877
