lastAccountName: Syrii
timestamps:
  login: 1470332644529
  lastteleport: 1470333061551
  logout: 1470334648086
ipAddress: 76.185.77.2
lastlocation:
  world: world
  x: -176.5900890549349
  y: 72.0
  z: 1446.421461484574
  yaw: -139.05273
  pitch: 7.200182
logoutlocation:
  world: world
  x: -110.13105551150096
  y: 74.0
  z: 1416.1633544676456
  yaw: -197.53644
  pitch: 7.649998
