lastAccountName: Cyrus
timestamps:
  login: 1470694077886
  lastteleport: 1470694089438
  logout: 1470694147796
ipAddress: 24.140.18.192
lastlocation:
  world: world
  x: -147.1696495965186
  y: 71.0
  z: 1676.2004460496707
  yaw: 64.79486
  pitch: 19.227057
logoutlocation:
  world: world
  x: -4666.173553852264
  y: 99.0
  z: -5372.681753896556
  yaw: 286.29938
  pitch: 10.717833
