lastAccountName: Vince_25
timestamps:
  login: 1483556217135
  lastteleport: 1483557573479
  logout: 1483557664656
ipAddress: 213.45.20.180
lastlocation:
  world: flatmap
  x: 196.3242750309448
  y: 25.26718201571781
  z: -178.4908493286311
  yaw: 148.9499
  pitch: 15.299993
logoutlocation:
  world: flatmap
  x: 151.76888885762216
  y: 58.23695384858538
  z: 454.6130905876761
  yaw: 64.50124
  pitch: 49.80013
