lastAccountName: NateBrad
timestamps:
  login: 1471709509878
  lastteleport: 1471709977331
  logout: 1471710385025
ipAddress: 107.204.22.73
lastlocation:
  world: world
  x: -172.7877574430676
  y: 71.0
  z: 1398.7591856376341
  yaw: -27.86809
  pitch: 5.429346
logoutlocation:
  world: flatmap
  x: 151.66518323029408
  y: 5.625302533140897
  z: 28.645938514733345
  yaw: -0.8746948
  pitch: 19.561766
