lastAccountName: RicePrezPip
timestamps:
  login: 1470722214884
  lastteleport: 1470672393297
  logout: 1470724697031
ipAddress: 60.240.100.200
lastlocation:
  world: flatmap
  x: 167.46372460283538
  y: 7.501272693598933
  z: -96.5851412346799
  yaw: -279.60046
  pitch: 17.099995
nickname: Pip
logoutlocation:
  world: flatmap
  x: 278.0204342683896
  y: 4.0
  z: -200.30000001192093
  yaw: -179.81787
  pitch: 8.100049
