lastAccountName: elwaxxo
timestamps:
  login: 1471053993676
  lastteleport: 1470522701491
  logout: 1471054501057
ipAddress: 68.84.194.38
lastlocation:
  world: world
  x: -169.15332241380986
  y: 71.0
  z: 1254.9044796009716
  yaw: -147.29364
  pitch: 24.600046
logoutlocation:
  world: flatmap
  x: 338.59209800242684
  y: 43.26563177616409
  z: 102.41129454064526
  yaw: -213.35382
  pitch: 14.549998
