lastAccountName: Staid
timestamps:
  login: 1471061845189
  lastteleport: 1471065463306
  logout: 1471067504786
ipAddress: 73.213.123.10
afk: false
lastlocation:
  world: world
  x: 361.5
  y: 71.0
  z: 313.5
  yaw: 0.0
  pitch: 0.0
logoutlocation:
  world: world
  x: -523.3688767431671
  y: 82.0
  z: 2807.2912460423263
  yaw: -39.30786
  pitch: 9.4501915
