lastAccountName: pandamitten
timestamps:
  login: 1477699503669
  lastteleport: 1475383995349
  logout: 1477699538236
ipAddress: 97.90.198.27
lastlocation:
  world: world
  x: -44.07541403688431
  y: 108.26681925161714
  z: -413.0017601455255
  yaw: 143.41766
  pitch: 43.19997
logoutlocation:
  world: flatmap
  x: -21.02336663131638
  y: 22.49088791922101
  z: -385.82385037582196
  yaw: 85.99725
  pitch: -7.650121
