lastAccountName: Gibistar
timestamps:
  login: 1470874649670
  lastteleport: 1470877496586
  logout: 1470877962517
ipAddress: 108.85.150.69
lastlocation:
  world: flatmap
  x: 168.4226535789193
  y: 53.49860670586736
  z: -461.6172561578531
  yaw: -290.54974
  pitch: 51.45003
nickname: PhantomMenace
logoutlocation:
  world: world
  x: -74.49412640198588
  y: 97.36171257197323
  z: -274.12000999615384
  yaw: 71.9897
  pitch: 29.100006
