lastAccountName: SuperCallum7
timestamps:
  login: 1471707870810
  lastteleport: 1471707988199
  logout: 1471708003298
ipAddress: 81.158.22.66
lastlocation:
  world: world
  x: -334.76101490643754
  y: 72.0
  z: 1485.0664744807782
  yaw: -29.089945
  pitch: 32.249973
logoutlocation:
  world: void
  x: 41.69999998807907
  y: 61.5
  z: -7.486282847524365
  yaw: -55.19989
  pitch: 35.850014
